Id	Price	Age_08_04	KM	cc	Doors	Weight
1	13500	23	46986	2000	3	1165
2	13750	23	72937	2000	3	1165
3	13950	24	41711	2000	3	1165
4	14950	26	48000	2000	3	1165
5	13750	30	38500	2000	3	1170
6	12950	32	61000	2000	3	1170
7	16900	27	94612	2000	3	1245
8	18600	30	75889	2000	3	1245
9	21500	27	19700	1800	3	1185
10	12950	23	71138	1900	3	1105
11	20950	25	31461	1800	3	1185
12	19950	22	43610	1800	3	1185
13	19600	25	32189	1800	3	1185
14	21500	31	23000	1800	3	1185
15	22500	32	34131	1800	3	1185
16	22000	28	18739	1800	3	1185
17	22750	30	34000	1800	3	1185
18	17950	24	21716	1600	3	1105
19	16750	24	25563	1600	3	1065
20	16950	30	64359	1600	3	1105
21	15950	30	67660	1600	3	1105
22	16950	29	43905	1600	3	1170
23	15950	28	56349	1600	3	1120
24	16950	28	32220	1600	3	1120
25	16250	29	25813	1600	3	1120
26	15950	25	28450	1600	3	1120
27	17495	27	34545	1600	3	1120
28	15750	29	41415	1600	3	1120
29	16950	28	44142	1600	3	1120
30	17950	30	11090	1600	3	1120
31	12950	29	9750	1400	3	1100
32	15750	22	35199	1400	3	1100
33	15950	27	29510	1400	3	1100
34	14950	26	32692	1400	3	1100
35	15500	22	41000	1400	3	1100
36	15750	26	43000	1400	3	1100
37	15950	25	25000	1400	3	1100
38	14950	23	10000	1400	3	1100
39	15750	32	25329	1400	3	1100
40	14750	27	27500	1400	3	1100
41	13950	22	49059	1400	3	1100
42	16750	27	44068	1400	3	1100
43	13950	22	46961	1400	3	1100
44	16950	27	110404	2000	5	1255
45	16950	22	100250	2000	5	1255
46	19000	23	84000	2000	5	1270
47	17950	27	79375	2000	5	1255
48	15800	22	75048	1400	5	1110
49	17950	22	72215	2000	5	1255
50	21950	31	64982	1800	5	1195
51	17950	22	62636	2000	5	1255
52	15750	30	57086	1400	5	1110
53	20500	26	56000	1600	5	1180
54	21950	27	49866	1800	5	1195
55	15500	25	49163	1600	5	1165
56	13250	32	45725	1600	5	1075
57	15250	28	43210	1400	5	1110
58	15250	26	43000	1400	5	1110
59	18950	23	39704	1600	5	1180
60	15999	30	38950	1600	5	1130
61	14950	22	37400	1400	5	1110
62	16500	27	37177	1600	5	1130
63	18750	31	36544	1600	5	1130
64	17950	30	33511	1600	5	1130
65	17950	27	32809	1400	5	1110
66	16950	26	32181	1600	5	1075
67	18950	28	30993	1600	5	1130
68	14950	22	30400	1400	5	1110
69	22250	22	30000	2000	5	1275
70	15950	25	29719	1400	5	1110
71	15950	28	29206	1400	5	1110
72	12995	32	29198	1400	5	1060
73	18950	28	28817	1598	5	1130
74	15750	23	28227	1400	5	1110
75	19950	28	28000	1600	5	1130
76	16950	23	28000	1600	5	1115
77	18750	31	25266	1600	5	1130
78	18450	27	23489	1600	5	1115
79	16895	29	22575	1600	5	1115
80	14900	30	22000	1400	5	1110
81	18950	25	20019	16000	5	1180
82	17250	29	20000	1600	5	1115
83	15450	25	17003	1400	5	1110
84	17950	31	16238	1600	5	1180
85	16650	25	15414	1400	5	1110
86	17450	28	8537	1600	5	1130
87	14900	30	7000	1400	5	1100
88	17950	20	66966	2000	3	1245
89	15950	19	51884	1400	3	1100
90	21950	19	50005	2000	3	1265
91	16450	20	48110	1400	3	1100
92	22250	20	37500	2000	3	1260
93	19950	16	34472	1995	3	1260
94	15950	20	33329	1400	3	1100
95	18900	20	31850	1600	3	1120
96	19950	17	30351	1995	3	1260
97	15950	19	29435	1400	3	1100
98	15950	19	25948	1400	3	1100
99	18750	11	24500	1600	3	1120
100	17450	18	23902	1400	3	1100
101	18990	20	23175	1600	3	1120
102	16250	19	19200	1400	3	1100
103	18500	13	18000	1400	3	1125
104	18500	11	16123	1600	3	1105
105	19450	11	14635	1600	3	1155
106	16950	19	13748	1400	3	1100
107	18800	14	11500	1600	3	1045
108	17450	17	10000	1400	3	1100
109	17950	20	7187	1600	3	1105
111	32500	4	1	2000	5	1480
112	31000	4	4000	2000	5	1480
113	31275	4	1500	2000	5	1480
114	24950	8	13253	2000	5	1320
115	24950	8	13253	2000	5	1320
116	22950	7	10000	2000	5	1270
117	24990	8	6000	2000	5	1280
118	21950	8	10841	2000	5	1270
119	17900	7	1	1600	3	1105
120	19250	20	63000	2000	5	1255
121	22250	17	57313	2000	5	1275
122	18950	13	57037	1600	5	1115
123	19950	19	51099	2000	5	1255
124	16350	14	40010	1600	5	1115
125	18950	20	39115	1600	5	1130
126	16950	17	36012	1600	5	1130
127	21750	16	36000	1600	5	1130
128	15950	20	36000	1600	5	1075
129	16500	20	35000	1400	5	1110
130	17950	17	33740	1400	5	1135
131	15850	13	33477	1600	5	1075
132	16250	20	32627	1400	5	1110
133	15950	20	29797	1400	5	1110
134	16250	19	29441	1400	5	1110
135	15950	13	29371	1600	4	1105
136	16500	20	29000	1400	5	1110
137	16500	19	27821	1400	5	1110
138	18450	19	27371	1400	5	1135
139	16250	13	25170	1600	5	1105
140	23000	11	25000	2000	5	1320
141	19900	20	23000	1600	5	1130
142	16450	20	22588	1400	5	1110
143	23950	19	21684	1800	5	1185
144	19950	13	21428	1600	5	1130
145	18500	16	20629	1600	4	1090
146	18950	15	20270	1600	5	1130
147	16450	16	20105	1400	5	1110
148	20500	20	20000	1600	5	1165
149	24500	13	19988	1600	5	1130
150	19450	19	18328	1600	5	1130
151	20950	14	17896	1600	4	1150
152	17200	20	17300	1400	5	1110
153	19950	19	17038	1600	5	1130
154	18450	10	13747	1400	5	1110
155	19500	12	13634	1600	5	1115
156	21750	13	13178	1600	5	1130
157	16868	15	13157	1400	4	1085
158	19500	16	13000	1600	4	1105
159	18900	11	12500	1600	5	1115
160	19750	17	11999	1600	5	1130
161	19750	16	11754	1600	5	1180
162	18950	16	11000	1600	4	1105
163	20750	17	10000	1598	5	1105
164	19600	9	7650	1600	5	1115
165	19500	14	6500	1600	4	1100
166	17650	11	6155	1400	5	1110
167	19950	14	6000	1600	5	1130
168	19950	14	5459	1600	5	1130
169	20950	14	5278	1600	4	1150
170	20500	12	5000	1600	5	1130
171	17795	9	1	1400	4	1065
172	18245	9	1	1600	5	1075
173	23750	8	11000	1600	5	1130
174	19500	8	10077	1400	5	1110
175	18950	8	10000	1400	5	1110
176	21950	8	9788	1600	5	1130
177	19950	8	8574	1600	5	1130
178	18950	8	7000	1600	5	1115
179	19950	7	6250	1600	5	1115
180	21950	8	5000	1600	5	1130
181	22500	6	3000	1600	5	1130
182	18500	7	2000	1600	5	1075
183	18700	7	450	1400	5	1110
184	21125	2	225	1400	5	1110
185	21500	2	15	1600	5	1130
186	17795	1	1	1400	4	1100
187	18245	1	1	1600	5	1075
188	6950	43	243000	1900	3	1110
189	9500	38	180638	2000	4	1160
190	11950	40	179860	2000	5	1205
191	7750	43	178858	1600	3	1084
192	11950	40	161000	1900	3	1105
193	4350	44	158320	1800	5	1110
194	4750	44	131273	1800	5	1110
195	11750	40	130062	1900	5	1140
196	13250	41	123425	1900	5	1140
197	11950	37	118217	1600	5	1075
198	11900	44	110000	1900	5	1095
199	14750	39	108847	2000	5	1205
200	9950	42	105699	1400	3	1025
201	11950	39	98823	1600	5	1119
202	11495	44	96829	1600	5	1075
203	11250	40	96518	1400	3	1025
204	10500	42	92204	1600	5	1075
205	10450	35	91456	1900	3	1110
206	12950	43	89968	1900	5	1140
207	11500	44	89757	1600	3	1045
208	12500	40	85389	1600	5	1075
209	10950	43	85017	1400	5	1060
210	11450	41	84312	1600	5	1080
211	11950	37	82743	1600	5	1121
212	13250	41	81106	1900	5	1140
213	14750	40	80425	2000	5	1205
214	11790	34	78677	1600	5	1105
215	11450	40	78425	1600	5	1075
216	13500	33	78108	2000	3	1170
217	10950	33	77321	1600	5	1075
218	13500	33	75699	1900	3	1105
219	10950	41	75697	1400	3	1025
220	10950	44	74846	1400	3	1025
221	12950	38	74319	1600	5	1075
222	11950	43	74285	1600	5	1075
223	12450	44	74172	1600	5	1615
224	11950	40	73042	1598	5	1075
225	14950	44	71793	1600	4	1067
226	12450	35	71200	1600	5	1075
227	12950	38	67805	1600	5	1075
228	11950	35	65988	1600	3	1040
229	11690	34	65345	1400	5	1060
230	12450	42	64564	1600	5	1080
231	12750	36	63459	1400	5	1060
232	11925	44	63451	1400	3	1025
233	12950	33	62000	1600	5	1075
234	11950	42	61300	1400	3	1030
235	12900	41	61200	1600	3	1045
236	11900	41	61000	1600	5	1075
237	11650	38	60829	1600	5	1075
238	10950	44	60500	1600	5	1075
239	13950	35	59500	1900	3	1110
240	13950	44	59000	1600	5	1110
241	11950	40	58954	1600	5	1080
242	10950	38	58798	1600	5	1075
243	12450	38	58363	1600	3	1055
244	11950	43	58277	1600	3	1045
245	13500	33	57711	2000	3	1165
246	11690	33	57269	1600	5	1075
247	13500	39	56001	1600	5	1075
248	11950	42	55968	1600	3	1050
249	12900	39	55678	1600	4	1030
250	13500	43	55539	1600	5	1085
251	11750	42	55400	1600	5	1075
252	11750	33	55350	1600	5	1075
253	10850	43	54600	1600	4	1030
254	11750	43	53773	1600	5	1075
255	14950	42	53719	1600	5	1105
256	9940	39	53644	1600	5	1075
257	12900	42	53350	1600	5	1075
258	13500	38	53000	1600	5	1075
259	11750	44	52084	1400	3	1025
260	11950	44	52000	1400	3	1025
261	13450	33	51945	1600	5	1075
262	11950	41	51732	1400	3	1025
263	12495	39	50873	1600	5	1075
264	13500	41	50856	1600	4	1030
265	12750	40	50640	1600	5	1075
266	12000	39	50000	1400	5	1060
267	11950	38	49500	1600	5	1075
268	12495	44	49332	1600	5	1080
269	12450	34	49291	1600	3	1040
270	14750	40	48952	2000	5	1205
271	10950	39	48945	1600	3	1040
272	13500	33	48928	1900	3	1105
273	12950	38	48197	1600	5	1075
274	13500	35	48052	1900	3	1105
275	13450	34	48011	1600	4	1030
276	13500	43	48000	1600	5	1075
277	11480	41	47350	1600	5	1075
278	13450	39	46821	1400	5	1060
279	11495	39	46694	1600	3	1040
280	12750	43	46515	1400	5	1025
281	14990	38	46327	1600	3	1055
282	12950	35	46304	1400	5	1060
283	12950	40	45886	1600	5	1080
284	12850	39	45713	1400	5	1085
285	13950	40	45600	1600	5	1105
286	11950	41	45287	1600	5	1075
287	12950	39	45081	1600	5	1075
288	11700	40	44830	1600	5	1075
289	9950	37	44757	1400	3	1025
290	11895	44	44218	1400	5	1060
291	12950	43	43632	1600	5	1075
292	12500	36	43427	1600	3	1040
293	13875	39	43254	1600	5	1075
294	10500	35	43000	1600	3	1050
295	12295	33	42823	1600	5	1075
296	13950	42	42560	1600	5	1080
297	10950	38	41754	1600	3	1040
298	12950	44	41499	1600	5	1103
299	12850	40	41339	1600	5	1080
300	13995	35	41000	1600	5	1075
301	13750	39	40000	1600	3	1055
302	12750	37	39757	1600	5	1075
303	12500	41	39659	1600	3	1045
304	13950	43	39650	1600	3	1055
305	11500	39	39524	1398	3	1025
306	13950	44	39516	1400	5	1060
307	11895	41	39439	1400	5	1060
308	9950	44	39000	1400	3	1025
309	13500	42	38932	1600	3	1040
310	11450	37	38812	1400	3	1025
311	12450	42	38665	1600	5	1075
312	12950	40	38653	1600	5	1080
313	13995	44	38461	1600	5	1080
314	11750	42	38078	1400	3	1025
315	11650	39	37782	1400	5	1060
316	9950	43	37576	1400	3	1030
317	13950	41	37533	1600	5	1075
318	12950	44	37389	1600	5	1080
319	10950	38	37320	1400	3	1025
320	9900	42	37000	1400	3	1025
321	11950	44	37000	1600	4	1075
322	11990	40	36566	1600	5	1090
323	10750	36	36269	1600	5	1075
324	13950	37	36074	1600	5	1075
325	11250	44	36066	1600	3	1040
326	12950	39	34599	1600	5	1075
327	11950	41	34000	1600	5	1075
328	10950	42	33623	1400	3	1025
329	12950	33	33591	1600	5	1075
330	12950	35	33258	1600	5	1075
331	11695	43	33113	1600	5	1075
332	11000	41	33000	1600	5	1075
333	13950	35	32941	1600	5	1080
334	11950	38	32781	1600	5	1075
335	11750	40	32532	1600	3	1040
336	12400	34	32431	1400	5	1060
337	12500	35	32000	1600	3	1040
339	12900	33	31000	1600	5	1075
340	12200	41	30989	1600	3	1045
341	12750	43	30742	1600	3	1040
342	11950	42	30190	1600	5	1075
343	11900	41	29716	1600	5	1075
344	11950	44	29716	1600	3	1070
345	14950	42	29640	1600	3	1055
346	11950	41	29056	1400	5	1060
347	12950	33	28715	1600	5	1075
348	14950	41	28571	1600	5	1090
349	13450	40	28362	1600	3	1040
350	13750	38	28150	1600	5	1075
351	12950	43	27301	1600	3	1040
352	12750	33	27240	1600	5	1075
353	11895	39	27170	1400	5	1060
354	9950	42	27141	1400	5	1060
355	12450	38	26262	1600	5	1075
356	12500	38	26000	1400	5	1060
357	14950	43	25228	1600	3	1045
358	13750	39	25062	1600	5	1080
359	12695	39	24723	1600	4	1060
360	14990	33	24650	1600	3	1055
361	12750	43	24553	1600	5	1080
362	14350	41	24475	1600	5	1030
363	12950	39	24444	1600	3	1040
364	11500	35	24011	1400	3	1025
365	11950	41	24000	1400	3	1025
366	13450	40	23616	1600	5	1075
367	12900	38	22865	1600	5	1075
368	10500	41	22780	1300	5	1035
369	10950	35	21904	1400	3	1025
370	11950	41	21651	1400	3	1025
371	11450	37	21500	1600	5	1030
372	13250	44	21027	1600	5	1080
373	10250	39	18500	1600	4	1030
374	13995	35	18000	1600	5	1075
375	11950	40	17051	1400	5	1060
376	13250	33	16512	1400	5	1085
377	12950	40	16325	1600	5	1080
378	11750	38	16000	1400	5	1060
379	11500	39	12000	1600	5	1075
380	13500	43	10000	1400	5	1060
381	6500	53	216000	1900	3	1110
382	6400	51	198167	1900	4	1095
383	7000	53	176000	1900	3	1105
384	7750	54	174139	2000	4	1100
385	8900	45	174000	1900	5	1095
386	8500	55	150000	1600	3	1075
387	8950	54	149329	2000	5	1135
388	9900	51	146736	1600	5	1080
389	10250	53	143513	1900	5	1140
390	9250	48	142130	1600	5	1119
391	7750	48	140700	1900	5	1110
392	9450	54	138394	1900	4	1095
393	7750	55	137000	2000	5	1135
394	8250	52	135258	1900	5	1140
395	9950	49	131364	1600	5	1075
396	4450	56	129155	1800	5	1110
397	9950	50	126110	1600	3	1055
398	9000	48	119742	1600	5	1080
399	9950	53	117913	1900	5	1110
400	12450	47	117430	2000	3	1165
401	10500	55	117175	1600	4	1035
402	10750	54	115558	1600	4	1035
403	8950	53	115113	1400	3	1025
404	10500	54	115046	1900	5	1140
405	5150	56	113997	2000	5	1135
406	10950	49	107859	1400	5	1060
407	9450	52	104805	1400	3	1025
408	9950	54	103454	1600	5	1075
409	10950	51	103018	1900	5	1140
410	11900	47	102352	1600	5	1080
411	9950	50	102030	1400	5	1060
412	11950	54	101352	1600	5	1080
413	7900	50	99865	1600	4	1035
414	10950	52	99323	1600	3	1055
415	8950	48	98100	1900	5	1140
416	11950	51	98040	1600	5	1080
417	10900	49	97600	1600	3	1045
418	9950	55	97234	1600	5	1080
419	9950	51	96135	2000	3	1115
420	10950	54	96100	1600	5	1080
421	8950	55	94401	2000	3	1115
422	8950	55	94122	1300	3	1015
423	10500	49	91340	1600	3	1055
424	8950	53	90200	1400	3	1025
425	9250	53	90097	1900	5	1140
426	11500	48	89049	1400	5	1060
427	9750	52	89000	1600	5	1075
428	9950	45	87274	1600	3	1040
429	11450	49	86221	1600	3	1045
430	12500	54	84598	1600	5	1075
431	10500	50	83567	1600	5	1075
432	12950	50	83106	1600	5	1075
433	12200	50	82805	1600	3	1040
434	10950	50	82735	1400	3	1030
435	10950	54	81905	1600	5	1105
436	11290	49	80320	1600	3	1070
437	10750	49	80090	1400	3	1030
438	10895	53	79800	1600	5	1075
439	11500	47	78785	1600	5	1119
440	9750	48	78600	1600	5	1075
441	10250	55	77780	1600	3	1040
442	12500	49	77648	1600	4	1030
443	11950	54	77270	1600	4	1035
444	10750	50	76167	1400	5	1060
445	11450	46	75249	1600	4	1035
446	11950	54	75231	1600	5	1080
447	11750	48	75045	1600	3	1055
448	10950	50	74849	1600	4	1060
449	11950	55	74715	1600	5	1080
450	10995	49	74656	1900	3	1105
451	11450	56	74500	1400	3	1025
452	8900	49	74494	1600	5	1075
453	10500	50	73634	1587	5	1075
454	11750	47	73403	1600	5	1075
455	11450	49	73175	1400	3	1030
456	12000	52	73000	1600	3	1055
457	11950	50	72242	1600	3	1070
458	9850	53	72000	1400	3	1025
459	10950	54	71725	1600	4	1035
460	10950	54	71276	1600	5	1080
461	8695	50	70440	1900	3	1105
462	10990	53	70239	1600	3	1040
463	9500	55	69813	1400	3	1025
464	11950	49	69659	1300	3	1025
465	10750	46	69574	1400	5	1065
466	8750	47	69000	1900	5	1140
467	8750	49	68565	1600	4	1030
468	11450	55	68520	2000	3	1115
469	9950	46	68414	1400	3	1025
470	11950	56	66777	1600	5	1090
471	13950	52	66527	1600	5	1080
472	11250	54	66063	1600	5	1090
473	10900	50	65471	1400	5	1060
474	9750	56	65400	1400	3	1025
475	9950	52	65170	1400	3	1025
476	11950	56	65000	1600	5	1075
477	10450	48	64193	1600	3	1040
478	8950	54	64000	1400	3	1025
479	10250	54	63792	1600	5	1075
480	9930	53	63635	1600	4	1035
481	10500	54	63135	1600	3	1050
482	11950	54	63123	1600	4	1035
483	11500	48	63000	1900	5	1140
484	11500	55	63000	1600	4	1035
485	11450	54	62987	1600	5	1080
486	9900	56	62751	1600	3	1050
487	9500	54	62519	1400	3	1025
488	10500	50	62280	1400	5	1060
489	10750	50	61672	1600	5	1075
490	8950	54	61000	2000	5	1140
491	12000	56	61000	1600	3	1050
492	9940	53	60558	1600	4	1105
493	10950	47	60348	1600	4	1030
494	10750	54	60239	1600	5	1075
495	9799	51	59000	1400	3	1025
496	11750	51	58761	1300	5	1060
497	11950	54	58745	1600	4	1035
498	11250	52	58596	1600	3	1045
499	11750	54	58530	1600	5	1075
500	10950	55	58377	1600	3	1050
501	11250	56	58142	1600	5	1080
502	9950	53	57948	1400	3	1025
503	9700	51	57645	1600	5	1080
504	11950	47	57500	1600	4	1105
505	9900	53	57475	1600	3	1040
506	9990	55	56743	1600	3	1045
507	9475	48	56675	1400	3	1025
508	11500	54	55877	1600	5	1075
509	11950	53	55500	1600	4	1035
510	11500	55	54900	1400	5	1060
511	10500	50	54465	1600	5	1075
512	10900	46	53700	1400	5	1060
513	11700	52	53561	1400	5	1060
514	11900	51	53408	1600	5	1080
515	13950	51	53268	1600	5	1080
516	10950	49	53116	1400	3	1025
517	10500	56	52448	1400	3	1025
518	10750	55	52149	1400	3	1085
519	11950	55	52141	1600	5	1070
520	10000	56	52000	1400	3	1025
521	10495	48	50967	1400	5	1060
522	11450	50	50400	1600	5	1080
523	9400	54	50000	1400	3	1025
524	11950	51	50000	1300	5	1045
525	9650	53	49969	1600	5	1075
526	18950	49	49568	1600	3	1105
527	11450	51	49473	1600	3	1055
528	10250	52	49432	1600	3	1050
529	11450	48	49417	1600	3	1045
530	9950	54	49366	1400	3	1025
531	10500	56	48731	1600	3	1055
532	13750	54	48370	1600	5	1080
533	9950	48	48071	1400	3	1025
534	10250	54	47852	1600	4	1030
535	10850	54	47768	1600	3	1055
536	11895	52	47689	1600	5	1075
537	12950	53	47451	1600	3	1055
538	11950	50	47219	1600	5	1080
539	10750	56	47211	1600	5	1070
540	9550	54	46856	1400	5	1060
541	10950	56	46500	1300	5	1035
542	11750	52	46449	1600	4	1035
543	10950	47	46391	1600	5	1075
544	12450	54	46230	1600	3	1055
545	10500	52	46029	1600	4	1030
546	10900	50	46000	1400	3	1025
547	12950	50	45900	1600	5	1075
548	10950	47	45850	1400	5	1060
549	12500	56	45336	1600	5	1080
550	9950	55	44537	1400	3	1025
551	10750	56	43700	1300	3	1025
552	12500	48	43120	1400	3	1030
554	10450	49	41710	1600	3	1040
555	10750	52	41700	1400	3	1025
556	12950	49	41636	1600	5	1105
557	10995	50	41273	1400	5	1060
558	11950	49	40836	1600	3	1075
559	11250	50	40400	1400	5	1060
560	11950	47	40361	1600	5	1090
561	13750	54	40325	1300	5	1045
562	11000	47	40000	1600	5	1080
563	13500	50	39706	1600	5	1080
564	10950	54	39291	1600	3	1040
565	10750	54	39000	1400	3	1025
566	8950	47	38900	1400	3	1025
567	12950	51	38403	1600	3	1055
568	9750	56	37461	1400	3	1025
569	10900	54	37000	1400	3	1025
570	10995	55	36406	1600	4	1035
571	10750	48	36005	1400	5	1065
572	10950	52	36000	1600	5	1075
573	13000	49	36000	1600	5	1080
574	12950	45	36000	1600	3	1070
575	11500	52	35823	1600	5	1075
576	10950	56	35230	1400	3	1025
577	11710	48	35142	1600	3	1055
578	9980	49	34890	1400	3	1025
579	12250	51	34882	1600	5	1075
580	11500	46	34000	1600	5	1075
581	11950	56	33998	1600	5	1080
582	11500	55	33230	1600	3	1050
583	11900	46	33021	1600	5	1080
584	11930	49	31999	1400	3	1030
585	10500	52	31579	1400	3	1025
586	8950	56	31000	1400	3	1025
587	10450	46	30806	1400	5	1060
588	10500	55	30461	1300	5	1050
589	12950	50	29686	1600	3	1075
590	9950	55	29650	1300	3	1025
591	12900	52	29500	1600	3	1055
592	9950	48	28656	1400	3	1085
593	9950	55	27500	1400	3	1025
594	10950	48	26938	1600	3	1040
595	10950	53	26624	1400	5	1060
596	9950	47	26221	1400	3	1025
597	10950	50	22648	1400	5	1060
598	10800	50	22500	1400	3	1025
599	10500	56	19313	1400	3	1025
600	10450	50	17619	1600	4	1030
601	10600	51	17069	1400	3	1025
602	10450	48	15000	1400	3	1025
603	12950	50	10210	1400	5	1065
604	11250	47	5309	1600	3	1070
605	7500	50	1	2000	3	1260
606	8950	52	31000	1398	3	1025
607	6950	58	205000	2000	4	1100
608	7900	68	204250	2000	3	1115
609	5950	68	194545	1300	4	1000
610	7500	59	190900	2000	3	1115
611	7500	62	183500	2000	5	1140
612	6900	65	176184	2000	3	1115
613	5751	67	174833	2000	4	1100
614	6950	68	155720	1300	3	1015
615	7950	67	155500	1600	5	1050
616	7750	59	154783	2000	3	1120
617	7950	64	154462	2000	5	1135
618	8250	64	150585	1600	3	1065
619	6250	67	149000	2000	5	1135
620	9500	62	147636	2000	5	1135
621	6900	59	144521	2000	5	1135
622	8450	64	144000	1600	3	1065
623	7350	65	140168	2000	3	1115
624	8950	68	140000	1600	5	1085
625	6900	60	139800	2000	3	1115
626	8950	59	137050	1600	3	1078
627	8750	61	136956	1600	3	1065
628	7950	67	135337	1600	5	1120
629	8950	64	133769	2000	3	1120
630	8950	58	133405	2000	5	1135
631	8950	65	132807	2000	5	1135
632	7950	64	132393	2000	5	1135
633	7750	60	130270	1600	3	1050
634	7500	59	130000	2000	4	1135
635	8950	67	127000	2000	5	1135
636	9800	67	126800	2000	5	1135
637	9450	66	126452	1600	5	1085
638	8950	62	125175	2000	5	1150
639	8750	68	125000	2000	3	1115
640	10500	61	123000	2000	5	1135
641	7995	59	121626	1300	5	1050
642	10450	64	120400	1600	5	1090
643	9950	66	120000	2000	4	1100
644	9950	68	119541	1600	3	1055
645	8950	68	119500	1600	5	1070
646	7950	68	119289	1600	4	1035
647	10950	57	118833	1600	3	1065
648	9950	64	118000	2000	5	1150
649	8600	68	117955	1600	4	1065
650	7250	65	117609	1300	3	1015
651	6950	68	117000	2000	3	1115
652	8000	64	116000	1300	5	1045
653	9950	58	115715	1600	5	1070
654	9450	60	115191	1600	4	1079
655	7950	68	115071	1600	3	1055
656	9450	63	115000	1600	3	1109
657	9950	64	114846	1600	5	1075
658	6950	65	114383	2000	3	1260
659	8250	59	113700	1600	5	1065
660	9950	67	113118	1300	3	1020
661	8250	59	112827	1300	5	1040
662	9950	68	112116	1600	5	1070
663	10500	66	112000	1600	3	1065
664	7950	62	112000	2000	4	1135
665	9750	65	111769	1600	3	1065
666	9250	61	110853	1600	5	1070
667	9500	68	110287	1600	3	1050
668	9950	62	109547	1600	5	1075
669	7750	63	109230	1600	3	1050
670	9500	68	109150	1600	5	1075
671	9950	67	108793	1600	4	1035
672	9750	64	106784	1600	3	1050
673	9750	58	105942	1300	5	1040
674	5950	59	105000	1300	3	1015
675	8500	62	105000	1300	5	1040
676	8495	68	104299	1600	5	1085
677	9250	67	104000	1300	3	1020
678	6900	68	104000	1300	3	1015
679	8950	58	103458	1300	3	1025
680	9500	63	103400	1600	5	1075
681	9250	63	102807	1300	5	1055
682	9895	68	102494	1600	5	1090
683	9950	57	102300	2000	5	1135
684	7950	61	102106	1600	3	1050
685	8750	68	101889	1600	5	1075
686	8250	57	101791	2000	3	1115
687	8950	63	101469	1600	3	1065
688	8950	68	101001	1600	5	1075
689	8950	61	100748	1600	5	1070
690	8950	65	100550	1600	5	1075
691	9450	67	99781	1600	5	1085
692	8950	59	98658	1300	3	1020
693	9250	65	98500	1600	5	1075
694	8750	64	98291	1300	4	1000
695	9950	61	97648	1600	3	1065
696	9950	61	97425	1600	5	1075
697	9900	65	97173	1300	3	1015
698	8950	66	97046	1300	4	1000
699	8950	67	96000	1600	3	1050
700	12250	60	96000	2000	4	1100
701	9250	67	95750	1600	5	1070
702	10250	61	95147	1600	3	1050
703	8950	68	95000	1600	3	1050
704	7999	65	95000	1600	3	1050
705	9900	66	94606	1600	3	1065
706	8250	63	94504	1300	4	1000
707	10500	65	93428	1600	5	1075
708	8450	65	93408	1300	3	1015
709	9900	68	93296	1600	5	1090
710	10500	62	93098	1600	5	1075
711	8500	67	92922	2000	4	1100
712	9500	61	92498	1600	3	1050
713	9450	65	92226	1600	3	1065
714	9900	68	91505	2000	3	1115
715	8250	64	91333	1600	3	1050
716	8750	65	91246	1300	3	1015
717	9500	58	91000	1600	5	1075
718	8450	68	90727	1600	3	1050
719	8490	62	90000	1600	3	1050
720	8750	60	89576	1600	4	1035
721	9750	64	89145	1300	3	1025
722	9950	63	89000	1600	5	1085
723	8500	68	88807	1600	3	1050
724	8450	63	88685	1600	5	1070
725	7900	62	88667	1600	4	1040
726	8750	57	88480	1600	3	1050
727	7950	61	88127	1300	3	1015
728	6900	62	88000	1300	3	1020
729	8150	65	87821	1300	3	1015
730	10995	59	87654	1300	5	1065
731	8900	59	86888	1600	3	1050
732	9500	59	86871	1300	5	1040
733	8950	68	86714	1600	4	1035
734	11500	65	85889	1600	3	1065
735	10450	62	85000	1600	3	1050
736	10500	60	85000	1300	3	1025
737	9250	68	84976	1600	4	1035
738	10950	65	84558	1600	5	1120
739	10450	62	84549	1600	5	1075
740	9250	68	84482	1600	5	1075
741	8750	62	83908	1600	5	1070
742	8750	67	83560	1300	3	1015
743	9800	68	83000	1600	5	1100
744	8250	64	82723	1300	3	1015
745	10450	62	82421	1600	3	1065
746	9750	58	82254	1600	5	1050
747	8950	61	82115	1600	3	1055
748	7450	65	82000	1300	3	1015
749	8450	68	81965	1300	5	1035
750	8250	66	81250	1600	3	1050
751	10950	65	81192	1600	3	1065
752	8950	61	81170	1600	4	1040
753	8750	66	81083	1300	3	1015
754	10450	61	80714	1600	5	1075
755	10950	57	80470	1600	5	1085
756	8450	65	80439	1600	4	1035
757	9950	59	80430	1600	3	1065
758	9950	68	80426	1600	3	1055
759	8750	62	80265	1300	3	1015
760	9950	65	80153	1600	5	1070
761	9500	68	80121	1600	5	1070
762	8250	65	80086	1600	4	1035
763	10950	62	80000	1600	5	1075
764	7950	60	80000	1300	5	1015
765	8250	65	80000	1300	2	1015
766	9895	67	79858	1600	4	1040
767	9130	67	79762	1300	3	1015
768	10950	59	79660	1300	5	1065
769	10500	60	79150	1600	5	1075
770	8900	61	79000	1600	3	1050
771	9500	57	78955	1300	5	1045
772	10950	59	78750	1975	5	1155
773	7950	68	78521	1300	3	1015
774	7950	64	78356	1300	3	1015
775	7950	65	78076	1300	3	1015
776	9500	61	78063	1600	5	1100
777	10950	67	77821	1600	5	1075
778	9750	68	77695	1600	4	1035
779	9750	65	77500	1600	3	1050
780	9450	63	77457	1600	3	1055
781	8950	68	77029	1300	3	1015
782	8950	68	77008	1300	3	1015
783	8900	66	76791	1600	5	1070
784	9950	61	76700	1300	5	1035
785	8750	67	76569	1300	3	1020
786	8950	59	76162	1600	5	1075
787	8990	65	76155	1600	4	1035
788	8950	61	75609	1300	3	1015
789	8950	62	75569	2000	3	1120
790	9950	67	75429	1600	3	1065
791	9900	68	75000	1600	5	1075
792	8950	65	75000	1300	3	1015
793	8950	62	75000	1600	5	1070
794	9500	66	74963	1600	3	1085
795	7950	68	74889	1300	3	1015
796	7750	68	74875	1600	5	1070
797	8950	63	74747	1600	5	1075
798	11950	60	74720	1600	5	1085
799	8950	62	74457	1600	5	1075
800	11950	60	74337	1300	5	1035
801	8950	68	74308	1600	3	1050
802	9950	64	74193	1600	3	1050
803	8250	65	74179	1600	3	1050
804	8995	67	73936	1300	5	1050
805	9995	61	73894	1600	3	1065
806	9250	64	73500	1600	3	1050
807	10950	64	73376	1600	5	1070
808	8900	64	73300	1300	3	1015
809	9500	58	73172	1600	5	1075
810	9950	58	72928	1600	5	1075
811	7950	67	72880	1332	3	1015
812	8250	63	72522	1600	3	1050
813	9450	64	72000	1300	3	1015
814	7950	57	72000	1300	3	1015
815	9500	59	71366	1600	3	1065
816	8950	65	71317	1600	3	1050
817	10950	62	71000	1600	5	1070
818	8950	60	70954	1600	3	1050
819	9450	63	70908	1300	5	1035
820	8000	58	70560	1600	3	1050
821	9900	67	70552	1600	5	1075
822	8950	62	70500	1600	5	1035
823	10900	60	70453	2000	5	1135
824	9450	59	70218	1600	3	1050
825	8450	64	70116	1600	4	1035
826	9500	65	70068	1600	5	1075
827	10500	67	70000	1587	3	1065
828	6950	68	70000	1300	3	1015
829	9750	68	69103	1600	4	1035
830	6950	58	69022	1300	5	1035
831	9650	67	69000	1600	3	1065
832	9950	68	68865	1600	3	1065
833	9250	58	68723	1300	3	1025
834	8950	63	68453	1600	5	1070
835	9900	63	68238	1300	5	1050
836	10995	63	68153	1600	5	1085
837	10500	65	68000	1600	5	1075
838	8950	65	68000	1300	3	1015
839	9750	67	67762	1600	3	1065
840	10950	68	67146	1600	5	1075
841	9750	67	67110	1300	5	1035
842	9950	59	67010	1600	3	1065
843	10500	65	67003	1600	4	1035
844	10400	68	66785	1300	3	1045
845	8800	68	66550	1332	3	1010
846	10500	61	66259	1600	3	1065
847	9250	62	66082	1600	5	1070
848	7800	65	66000	1300	3	1015
849	9950	61	66000	1600	3	1050
850	10750	63	65896	1600	3	1065
851	10950	67	65785	1600	5	1075
852	9950	65	65513	1600	4	1070
853	9950	59	65463	1600	5	1070
854	8100	68	65400	1300	4	1000
855	9250	60	65259	1600	3	1050
856	7800	64	65000	1600	3	1050
857	9000	68	65000	1600	5	1070
858	8950	57	65000	1600	4	1035
859	8950	62	64966	1300	3	1020
860	9950	68	64950	1600	5	1075
861	8500	60	64914	1600	5	1070
862	7995	62	64797	1600	5	1075
863	8750	65	64772	1600	3	1050
864	9750	63	64690	1300	3	1020
865	10950	65	64630	1600	5	1070
866	9750	67	64613	1600	5	1085
867	8200	60	64383	1300	3	1015
868	8950	68	64000	1600	5	1075
869	9500	66	63881	1300	3	1015
870	10950	58	63870	2000	5	1135
871	9750	66	63328	1300	5	1065
872	9950	65	63000	1300	5	1065
873	10450	61	63000	1300	3	1050
874	9850	65	62396	1600	3	1050
875	9450	62	62377	1600	5	1075
876	10295	67	62316	1600	3	1050
877	9750	68	62292	1600	3	1065
878	8950	65	62225	1600	3	1050
879	9900	68	62222	1600	5	1075
880	8750	66	62135	1300	5	1035
881	9950	58	62024	1600	5	1075
882	8500	60	61977	1300	3	1015
883	9950	62	61930	1600	4	1035
884	10950	57	61682	1600	3	1050
885	9795	68	61568	1600	4	1035
886	8750	68	61504	1600	4	1035
887	8250	65	61384	1600	3	1050
888	9950	58	61343	1600	5	1075
889	9950	62	61254	1600	5	1075
890	10500	59	61166	1600	3	1050
891	9750	62	61149	1300	5	1040
892	11250	61	61144	1600	5	1090
893	8900	59	61127	1600	3	1050
894	7950	60	61100	1300	3	1015
895	11500	68	61100	1600	5	1075
896	9450	57	61000	1600	3	1050
897	7995	65	60724	1300	3	1015
898	10995	59	60708	1300	5	1045
899	8950	61	60532	1600	3	1050
900	8250	67	60000	1300	4	1030
901	8950	66	60000	1300	3	1015
902	8950	65	60000	1300	3	1015
903	9500	62	59295	1300	5	1035
904	7500	65	59264	1300	3	1015
905	8950	63	59000	1600	3	1050
906	9950	63	59000	1300	5	1035
907	9750	65	59000	1600	5	1075
908	9450	61	59000	1600	5	1070
909	9950	65	59000	1600	3	1050
910	9750	68	58860	1600	3	1055
911	8950	65	58829	1600	3	1050
912	8250	66	58654	1600	5	1070
913	7750	65	58300	1300	3	1015
914	8950	60	58269	1600	3	1050
915	9950	64	58136	1600	5	1075
916	9450	66	58113	1600	3	1085
917	12950	67	58058	1600	3	1065
918	9950	58	58000	1600	3	1050
919	10495	62	58000	1600	3	1065
920	7950	68	57565	1300	5	1035
921	10500	63	57413	1600	5	1115
922	8950	65	57374	1600	5	1075
923	9900	62	57179	1600	5	1075
924	9995	61	57169	1600	3	1065
925	9950	63	57124	1600	3	1065
926	9950	63	57000	1600	3	1050
927	8250	67	57000	1600	3	1050
928	9950	63	57000	1300	5	1035
929	8950	59	56259	1300	3	1015
930	10950	62	56209	1600	3	1080
931	9250	67	56074	1300	4	1000
932	9950	63	55942	1600	5	1070
933	9995	57	55844	1300	5	1045
934	8750	61	55747	1300	3	1020
935	10950	58	55478	1300	5	1045
936	10350	60	55085	1600	5	1105
937	9950	65	55061	1600	5	1070
938	8950	65	55000	1300	3	1015
939	10950	57	55000	1600	5	1075
940	10950	63	54936	1600	5	1075
941	8950	68	54875	1600	5	1070
942	8900	67	54847	1600	3	1050
943	10250	60	54554	1600	3	1065
944	9450	61	54125	1600	5	1035
945	9250	61	54000	1600	3	1055
946	10500	57	54000	1600	5	1075
947	7350	58	54000	1300	5	1035
948	10250	57	54000	1600	3	1135
949	10250	62	53285	1600	5	1075
950	11500	65	53053	1600	5	1075
951	8950	68	53000	1587	3	1075
952	7750	68	53000	1300	3	1015
953	9500	64	52968	1600	3	1050
954	8450	67	52800	1300	3	1015
955	8950	57	52548	1600	3	1050
956	8400	60	52487	1600	4	1035
957	9250	66	52383	1300	3	1015
958	8900	61	52112	1600	4	1035
959	8750	58	51712	1600	3	1050
960	10950	58	51421	1600	5	1105
961	8950	61	51235	1300	4	1000
962	8950	65	51000	1300	3	1015
963	8895	61	50925	1600	5	1070
964	9390	66	50806	1300	3	1480
965	8750	59	50469	1600	5	1070
966	9750	61	50173	1600	5	1075
967	9950	62	50000	1600	5	1075
968	10950	65	49942	1600	3	1065
969	9900	67	49585	1600	5	1085
970	9500	62	49258	1600	4	1035
972	9950	61	49000	1600	3	1050
973	9950	63	48738	1600	5	1055
974	10500	62	47750	1300	5	1040
975	9950	63	47612	1300	3	1015
976	10495	68	47500	1300	5	1035
977	9500	66	47237	1600	3	1050
978	8500	58	47171	1300	3	1015
979	10450	60	47060	1600	4	1035
980	8950	65	47014	1300	3	1015
981	9900	59	46929	1300	3	1025
982	8900	63	46000	1300	5	1035
983	8745	65	45681	1600	3	1050
984	8750	65	45549	1300	3	1015
985	10750	57	45000	1600	5	1050
986	9750	57	45000	1600	3	1050
987	8850	65	45000	1600	5	1075
988	7950	66	45000	1300	5	1035
989	9450	63	45000	1600	4	1035
990	9950	61	45000	1600	3	1085
991	8250	63	44944	1600	4	1035
992	9950	61	44597	1300	3	1015
993	9995	68	44458	1300	3	1015
994	9950	59	43818	1600	5	1070
995	10495	60	43426	1600	5	1070
996	7950	58	43000	1600	4	1114
997	8950	68	43000	1600	5	1035
998	9695	57	43000	1600	5	1075
999	7750	64	43000	1300	3	1015
1000	9950	68	42750	1600	3	1050
1001	9950	67	42102	1600	5	1075
1002	9950	63	41586	1600	5	1114
1003	9900	64	41200	1600	5	1070
1004	10950	57	40214	1300	3	1025
1005	8950	60	40000	1300	4	1000
1006	8950	66	39222	1300	3	1045
1007	8250	66	39144	1600	3	1050
1008	10250	62	39000	1600	5	1075
1009	8750	61	38019	1600	5	1070
1010	9750	68	37759	1600	5	1070
1011	10950	61	37500	1600	5	1085
1012	10950	60	37111	1600	3	1050
1013	9750	62	37000	1300	3	1015
1014	8900	59	36954	1600	3	1050
1015	9500	60	36943	1600	5	1070
1016	9950	63	36923	1300	5	1050
1017	9950	66	36658	1600	3	1050
1018	8250	65	36000	1300	3	1015
1019	10450	65	36000	1600	3	1065
1020	10950	62	35512	1600	3	1065
1021	9250	65	35283	1300	3	1015
1022	8900	68	35000	1600	3	1050
1023	10900	57	35000	1300	5	1045
1024	9750	64	34114	1600	3	1050
1025	11950	58	34000	1600	5	1075
1026	7900	68	33847	1300	4	1000
1027	10900	57	33535	1600	4	1035
1028	10450	65	33000	1600	3	1050
1029	10950	59	32150	1600	5	1085
1030	9950	65	31588	1300	3	1015
1031	10750	60	31480	1600	3	1065
1032	9900	57	31307	1600	5	1070
1033	10750	68	31000	1600	4	1035
1034	10450	58	30634	1600	5	1075
1035	9450	68	30300	1300	4	1000
1036	10750	60	28500	1300	3	1045
1037	10950	60	28500	1600	5	1075
1038	10000	57	28000	1300	3	1015
1039	10500	68	26698	1600	3	1055
1040	12500	62	26000	1600	3	1085
1041	8950	62	25505	1300	5	1035
1042	10500	58	25000	1600	5	1075
1043	9245	66	22835	1600	3	1050
1044	10950	59	22705	1600	5	1075
1045	9500	63	22178	1300	3	1015
1046	10900	62	17345	1600	3	1050
1047	10950	67	15535	1300	4	1030
1048	9450	66	15110	1300	5	1035
1049	5900	73	232940	2000	5	1172
1050	6950	79	218118	2000	5	1150
1051	6000	78	217764	2000	5	1135
1052	5250	79	207114	1600	5	1114
1053	4400	74	203254	2000	3	1135
1054	6750	77	200732	2000	4	1100
1055	8500	69	197501	2000	5	1135
1056	6150	80	194765	2000	3	1120
1057	6950	76	191620	2000	5	1150
1058	5750	76	183277	2000	3	1115
1059	8750	78	180378	2000	4	1100
1060	6500	70	178800	2000	3	1115
1061	5950	73	176177	1600	5	1075
1062	6500	78	176000	1300	5	1035
1063	10500	77	172980	2000	5	1135
1064	8500	77	170000	2000	4	1100
1065	7950	71	164000	1600	3	1050
1066	5800	78	161775	1300	3	1015
1067	6750	80	160000	1300	3	1015
1068	6950	78	159968	2000	3	1115
1069	5740	74	159908	1600	3	1050
1070	6550	73	158492	1300	3	1015
1071	8950	69	156204	2000	3	1115
1072	6750	73	156169	1300	5	1035
1073	7950	78	155210	1600	3	1050
1074	7950	69	155000	2000	3	1115
1075	7450	76	154900	2000	5	1140
1076	7750	70	151300	2000	5	1150
1077	6450	71	151000	1600	5	1094
1078	7900	75	150000	2000	3	1135
1079	6900	69	146304	2000	3	1115
1080	5600	75	146197	1300	3	1015
1081	5950	77	145996	1600	4	1035
1082	6950	80	143560	1300	3	1045
1083	7950	71	139145	2000	2	1115
1084	8950	79	138500	1300	5	1050
1085	7950	74	137741	2000	5	1135
1086	9500	80	137178	2000	5	1135
1087	8600	76	134889	2000	3	1115
1088	5950	71	134660	2000	5	1135
1089	7750	73	134539	1600	5	1070
1091	7950	79	131500	2000	5	1140
1092	6950	77	131307	1600	3	1050
1093	7250	74	130025	1600	3	1050
1094	6500	78	130000	1300	5	1015
1095	7250	77	128960	1600	5	1070
1096	9250	80	128351	1600	5	1070
1097	8250	73	128006	1600	3	1050
1098	7250	71	127159	2000	3	1115
1099	5250	72	126478	1600	4	1035
1100	7900	77	126000	1600	5	1050
1101	6900	76	125778	1600	3	1050
1102	7900	75	125400	1600	3	1050
1103	7250	74	124910	2000	5	1135
1104	8450	70	124743	1600	3	1050
1105	7950	76	124591	1600	5	1075
1106	7950	74	124057	1600	3	1050
1107	6450	72	123403	1600	3	1050
1108	6650	75	123104	1600	5	1070
1109	7950	74	123077	1300	3	1015
1110	7250	80	122820	1300	5	1040
1111	7450	77	122290	1600	3	1050
1112	7950	74	121900	1600	4	1035
1113	7250	77	121545	1600	5	1070
1114	8250	71	120474	2000	3	1115
1115	8950	76	120263	2000	5	1135
1116	7750	74	120196	1600	3	1050
1117	8500	71	120000	1600	5	1085
1118	7750	78	120000	1600	5	1075
1119	5750	73	115877	1600	4	1035
1120	6900	76	115345	1600	5	1070
1121	6500	71	115157	1600	3	1050
1122	6500	78	115000	1600	5	1100
1123	7600	77	114258	1300	5	1050
1124	8950	73	112963	2000	5	1135
1125	7450	74	112307	1600	5	1070
1126	7350	72	112000	1300	3	1015
1127	7750	73	111602	1300	3	1015
1128	7460	80	111392	1598	3	1083
1129	9250	76	110901	1600	5	1085
1130	7250	80	110887	1600	3	1055
1131	6500	72	110634	1300	3	1015
1132	6800	80	110000	1600	4	1035
1133	8700	75	109540	1600	5	1085
1134	7500	78	109263	1600	5	1070
1135	7750	71	107516	1600	3	1050
1136	7950	73	107108	1600	3	1050
1137	9950	75	107000	1600	3	1050
1138	6640	74	106250	1600	5	1070
1139	8750	71	106150	1300	3	1015
1140	7750	72	106108	1600	3	1050
1141	5950	72	105856	1300	3	1015
1142	6750	77	105152	1300	3	1015
1143	6500	80	105135	1600	3	1050
1144	8750	76	104344	1600	3	1050
1145	7950	74	104150	1600	3	1050
1146	6750	74	104000	1300	3	1010
1147	7950	73	103121	1300	5	1035
1148	7950	80	102300	1300	3	1015
1149	8950	75	102005	1600	5	1105
1150	7750	77	102000	1300	3	1015
1151	6450	75	101855	1600	5	1070
1152	6900	74	101773	1600	3	1050
1153	8450	75	101159	1600	5	1085
1154	6750	74	101000	1300	3	1015
1155	8050	74	100732	1300	4	1030
1156	9500	79	100719	1600	5	1070
1157	7750	78	100487	1600	4	1035
1158	8500	80	100458	1600	5	1085
1159	7795	75	100192	1600	3	1050
1160	6490	80	100123	1600	3	1050
1161	7950	73	99971	1600	3	1050
1162	6425	79	99397	1300	5	1035
1163	8950	69	99374	1300	5	1035
1164	6950	72	99245	1600	5	1114
1165	8750	79	98742	1600	5	1085
1166	8450	71	98154	1600	3	1050
1167	7950	77	98000	1600	5	1065
1168	7950	80	97548	1300	5	1035
1169	8900	78	97534	1600	5	1070
1170	8950	73	97494	1600	5	1085
1171	8900	73	97085	1600	5	1085
1172	7950	69	97000	1600	4	1035
1173	6495	74	96302	1300	3	1015
1174	7250	78	96000	1300	3	1015
1175	9250	74	96000	1600	5	1085
1176	6650	78	95909	1600	5	1070
1177	6990	79	95700	1600	5	1085
1178	7750	78	95651	1600	5	1070
1179	6950	79	95000	1300	5	1035
1180	7250	80	94447	1600	3	1050
1181	9950	80	94079	1600	5	1085
1182	9250	80	93841	1600	5	1070
1183	7200	79	93090	1300	5	1035
1184	8250	72	93066	1600	5	1075
1185	8950	79	93039	1600	3	1050
1186	8250	77	93000	1600	5	1075
1187	6250	80	92830	1300	3	1015
1189	9900	80	92255	1600	5	1105
1190	7300	80	92096	1300	5	1035
1191	8950	72	91921	1300	3	1020
1192	6500	70	91900	1300	3	1015
1193	7950	78	91399	1600	5	1070
1194	7450	75	91082	1600	3	1050
1195	7950	71	90370	1300	5	1035
1196	8500	78	90345	1300	5	1035
1197	6950	77	90305	1300	3	1015
1198	7950	78	90011	1300	3	1045
1199	6750	77	90000	1300	3	1015
1200	8450	70	89983	1600	3	1055
1201	7500	78	89953	1600	5	1114
1202	8750	74	89800	2000	3	1115
1203	8750	79	89739	1300	5	1035
1204	8950	76	89520	1600	3	1050
1205	7450	75	89507	1300	3	1015
1206	9200	69	89096	1600	5	1085
1207	8950	74	88700	1600	3	1050
1208	7850	72	88500	1600	5	1075
1209	6950	73	88186	2000	3	1115
1210	7200	75	88000	1600	3	1050
1211	7450	78	87743	1600	3	1055
1212	6750	75	87613	1300	3	1015
1213	7500	73	87358	1600	3	1050
1214	7450	72	87083	1600	4	1035
1215	7950	70	87000	1600	4	1035
1216	7250	78	87000	1600	4	1035
1217	7950	73	87000	1300	3	1015
1218	8250	80	87000	1300	3	1015
1219	8250	72	86860	1600	5	1075
1220	6750	80	86109	1600	3	1055
1221	8750	79	86000	1300	5	1040
1222	8950	80	86000	1600	3	1050
1223	8500	70	85864	2000	5	1135
1224	8250	80	85565	1600	5	1070
1225	9450	70	85470	1600	3	1080
1226	7950	73	85200	1600	3	1050
1227	7900	70	85000	1600	3	1055
1228	8500	73	84988	1600	3	1050
1229	8250	79	84966	1600	5	1070
1230	8250	76	84472	1600	5	1070
1231	8950	73	84402	1600	4	1035
1232	7950	74	84123	1600	3	1050
1233	6950	80	84000	1600	5	1075
1234	7250	78	84000	1600	5	1065
1235	7750	77	84000	1600	5	1085
1236	8700	75	83850	1600	3	1055
1237	8950	80	83540	1600	5	1070
1238	6750	76	83405	1600	5	1070
1239	7500	71	83291	1600	5	1070
1240	7950	69	83133	1300	3	1015
1241	8950	71	83047	1300	3	1045
1242	7950	71	82700	1600	3	1050
1243	7450	78	82675	1300	3	1015
1244	5950	78	82595	1300	3	1015
1245	7750	75	82256	1600	3	1050
1246	6950	77	82103	1300	3	1015
1247	8750	80	82021	1300	5	1035
1248	8950	71	82000	1600	5	1075
1249	7495	79	81988	1600	5	1070
1250	7750	76	81930	1600	5	1070
1251	6950	70	81663	1600	3	1050
1252	7990	77	80486	1600	5	1070
1253	7250	78	80000	1600	4	1065
1254	6900	69	79000	1300	3	1015
1255	7750	74	78894	1600	5	1070
1256	7250	78	78689	1600	4	1035
1257	8950	77	78435	1300	3	1015
1258	8500	71	78260	1600	3	1050
1259	7950	72	78120	1600	5	1075
1260	6950	77	77000	1300	3	1015
1261	8000	78	77000	1600	3	1050
1262	7950	75	76382	1600	3	1055
1263	8500	76	76268	1300	3	1015
1264	7490	73	76151	1300	3	1015
1265	8250	80	76000	1600	3	1050
1266	9250	71	76000	1600	5	1070
1267	7950	72	75840	1300	5	1035
1268	9500	77	75799	1600	3	1050
1269	8950	72	75525	1600	3	1114
1270	8450	78	75323	1300	5	1050
1271	7995	79	75322	1600	4	1115
1272	8750	78	75226	1600	4	1035
1273	5950	71	75085	1300	5	1035
1274	8500	73	75000	1600	5	1075
1275	8950	69	75000	1300	4	1000
1276	8750	69	75000	1300	4	1000
1277	7600	78	74926	1600	5	1075
1278	7145	80	74785	1600	5	1070
1279	8450	69	74573	1600	5	1085
1280	5950	75	74567	1300	3	1015
1281	9000	80	74196	1600	5	1075
1282	7250	80	74151	1600	3	1050
1283	7400	75	74096	1600	3	1050
1284	8800	79	74093	1600	5	1075
1285	7750	71	74000	1600	3	1050
1286	7500	75	74000	1300	3	1015
1287	8450	78	73638	1300	4	1015
1288	7400	75	73460	1600	5	1070
1289	7500	80	73200	1600	5	1070
1290	8950	76	73116	1600	5	1075
1291	8950	70	73014	1600	5	1075
1292	7950	77	72703	1600	3	1050
1293	7950	79	72328	1600	5	1075
1294	7950	78	72222	1600	5	1070
1295	8950	71	72128	1600	5	1100
1296	7750	78	72090	1600	5	1070
1297	8250	78	72000	1600	4	1035
1298	7950	78	72000	1600	3	1055
1299	7750	77	71900	1300	3	1015
1300	8500	77	71825	1600	5	1075
1301	6950	80	71740	1600	5	1070
1302	7500	80	71500	1600	4	1035
1303	7750	79	71359	1600	3	1050
1304	5950	79	71263	1300	3	1015
1305	7500	78	71186	1600	3	1050
1306	8950	72	71054	1300	3	1045
1307	7950	76	71000	1600	3	1050
1308	6900	80	70939	1600	5	1100
1309	7450	77	70932	1600	3	1050
1310	8500	80	70597	1600	3	1080
1311	7500	73	70482	1600	5	1075
1312	8750	77	70124	1600	3	1050
1313	7500	76	70039	1600	3	1050
1314	9950	80	69904	1600	5	1070
1315	7950	75	69388	1300	3	1010
1316	9950	75	69320	1600	5	1070
1317	9250	78	69000	1600	5	1075
1318	9250	73	68988	1300	5	1035
1319	9950	79	68945	1600	5	1085
1320	5950	74	68285	1600	3	1050
1321	7995	76	68000	1600	5	1075
1322	8950	70	68000	1300	3	1045
1323	7450	75	67451	1300	4	1000
1324	8250	76	67266	1300	5	1035
1325	8500	78	67255	1600	5	1085
1326	8500	70	67100	1600	5	1075
1327	9400	69	67092	2000	3	1115
1328	7250	80	66880	1600	3	1055
1329	8950	79	66855	1600	5	1075
1330	9450	80	66843	1600	5	1075
1331	8500	74	66718	1600	3	1050
1332	6750	80	66168	1300	3	1015
1333	7400	80	65950	1600	5	1070
1334	8950	78	65500	1300	3	1015
1335	6900	80	65307	1600	3	1055
1336	7750	79	65254	1300	3	1015
1337	8950	71	65021	2000	3	1115
1338	6950	75	65006	1300	3	1015
1339	8495	77	64280	1600	4	1035
1340	10000	75	64000	1600	3	1085
1341	6999	71	64000	1600	5	1070
1342	8950	80	64000	1600	3	1055
1343	8500	79	63918	1600	4	1035
1344	8750	75	63634	1600	4	1035
1345	7499	80	63500	1600	3	1050
1346	9000	80	63266	1600	4	1035
1347	8950	77	62595	1600	3	1050
1348	6950	80	62581	1600	5	1075
1349	8500	77	62285	1600	5	1075
1350	8450	77	61906	1300	5	1065
1351	8950	74	61700	1600	5	1070
1352	8250	77	61648	1600	5	1070
1353	7950	75	61626	1300	5	1035
1354	7450	70	61510	1600	4	1035
1355	9000	79	61165	1600	3	1080
1356	7150	70	61000	1600	4	1035
1357	7750	76	60833	1600	4	1035
1358	5845	70	60600	1300	3	1060
1359	8500	72	60483	1600	5	1075
1360	8250	80	60476	1600	5	1114
1361	9450	79	60142	1600	3	1050
1362	6750	69	60050	1600	3	1050
1363	8400	77	60000	1600	3	1050
1364	7900	76	60000	1600	3	1050
1365	7950	76	59815	1587	3	1055
1366	8750	80	59326	1600	5	1085
1367	9900	73	59240	1600	3	1050
1368	6495	71	59164	1600	4	1035
1369	8250	70	59017	1600	3	1080
1370	6900	69	58952	1600	3	1050
1371	7500	74	58454	1300	3	1015
1372	7950	75	58341	1300	4	1030
1373	8250	80	58267	1600	5	1070
1374	8950	80	58000	1600	3	1055
1375	9750	70	57829	1600	3	1050
1376	8250	80	57787	1300	3	1015
1377	8900	78	57628	1600	5	1075
1378	8950	75	57537	1300	5	1050
1379	6750	76	57263	1600	3	1050
1380	7950	75	57144	1600	5	1070
1381	8600	69	57096	1300	3	1025
1382	7750	80	57000	1300	4	1000
1383	7800	73	56566	1600	3	1050
1384	8750	73	56307	1600	3	1050
1385	9500	79	56214	1300	3	1015
1386	7750	74	56132	1600	4	1035
1387	9950	79	55425	1600	5	1075
1388	7750	77	54439	1300	3	1015
1389	5950	69	53809	1600	3	1050
1390	10950	76	53133	1600	5	1070
1391	9450	77	52900	1600	4	1075
1392	8250	80	52700	1600	3	1050
1393	9750	69	52320	1600	5	1070
1394	7450	78	52287	1600	5	1114
1395	8750	75	52000	1600	5	1075
1396	8750	69	52000	1600	3	1050
1397	8500	73	52000	1600	4	1065
1398	8950	70	51874	1300	4	1000
1399	7500	79	49827	1300	5	1035
1400	7250	69	49640	1600	4	1035
1401	7450	80	49580	1600	4	1035
1402	8750	76	49170	1300	3	1045
1403	9800	77	48838	1600	3	1055
1404	7500	71	48576	1300	3	1015
1405	8950	75	48400	1600	5	1075
1406	8950	74	48242	1300	5	1035
1407	7450	70	47955	1600	5	1070
1408	8950	71	47633	1600	5	1075
1409	10500	78	47400	1300	5	1040
1410	7000	73	47360	1300	3	1010
1411	8500	77	45507	1600	3	1050
1412	7750	76	45410	1300	5	1035
1413	8950	70	44850	1600	3	1050
1414	8250	69	44826	1600	5	1075
1415	9250	80	44444	1600	3	1050
1416	7900	75	43720	1600	5	1070
1417	8500	78	43622	1300	4	1000
1418	7950	76	43532	1600	5	1070
1419	9950	69	42800	1600	3	1050
1420	8750	74	42317	1600	5	1100
1421	7500	80	42186	1600	3	1050
1422	6950	72	42000	1600	3	1050
1423	8950	79	40093	1600	5	1114
1424	8750	79	39800	1600	3	1080
1425	7750	73	39168	1300	3	1015
1426	8450	75	38945	1600	3	1050
1427	8150	76	36537	1600	4	1075
1428	8500	78	36000	1300	3	1045
1429	7600	78	36000	1600	3	1050
1430	7950	80	35821	1300	3	1015
1431	7750	73	34717	1300	3	1015
1432	7950	80	34000	1300	4	1000
1433	9950	78	30964	1600	3	1080
1434	8950	71	29000	1300	3	1045
1435	8450	72	26000	1300	3	1015
1436	8950	78	24000	1300	5	1065
1437	8450	80	23000	1300	3	1015
1438	7500	69	20544	1300	3	1025
1439	10845	72	19000	1300	3	1015
1440	8500	71	17016	1300	3	1015
1441	7250	70	16916	1300	3	1015
1442	6950	76	1	1600	5	1114
